================================================================================
POINTS NON AMÉLIORÉS PAR LE MODÈLE
================================================================================
Nombre : 15
 center_index  LAMBX  LAMBY  persistence_MAE_C  convlstm_MAE_C  convlstm_BIAS_C  MAE_improvement_percent  RMSE_improvement_percent
         9888  11960  17130           0.877105        0.898249        -0.310822                -2.410738                  2.077589
         9885  11880  17610           0.873682        0.893734        -0.312154                -2.295158                  1.929981
         9891  11960  17450           0.873682        0.893734        -0.312154                -2.295158                  1.929981
         9884  11880  17530           0.877105        0.895726        -0.310521                -2.123004                  2.155840
         8731   9640  18570           1.138807        1.161255        -0.418059                -1.971265                  0.670275
         9890  11960  17290           0.877660        0.894764        -0.310014                -1.948870                  2.345692
         9889  11960  17210           0.877660        0.894764        -0.310014                -1.948870                  2.345692
         8884   9800  18650           1.136494        1.158355        -0.417889                -1.923575                  0.701529
         9068  10040  18650           0.895837        0.904471        -0.348994                -0.963775                  1.173541
         9010   9960  18650           0.902081        0.909501        -0.347018                -0.822543                  1.384014
         8811   9720  18570           1.074838        1.081628        -0.396627                -0.631738                  2.335309
         8883   9800  18570           1.080111        1.085981        -0.398474                -0.543439                  2.105743
         9879  11880  17130           0.922895        0.926632        -0.297719                -0.404892                  4.042248
         9815  11720  17690           1.128492        1.130372        -0.412789                -0.166609                  2.371511
         9070  10040  18810           1.195143        1.195929        -0.323247                -0.065732                  2.402500

Fichiers créés :
- CSV   : /home/lab-c0de80861d/climate_project/ndambo/outputs/metrics/convlstm_many_centers_9892_not_improved_points.csv
- Carte : /home/lab-c0de80861d/climate_project/ndambo/outputs/figures/map_9892_not_improved_points.png
